Webots Project File version 8.4.0
perspectives: 000000ff00000000fd00000002000000010000030a00000302fc0200000001fb0000001400540065007800740045006400690074006f00720100000015000003020000009d00ffffff0000000300000691000000c2fc0100000001fb0000000e0043006f006e0073006f006c00650100000000000006910000005400ffffff000003810000030200000001000000020000000100000008fc00000000
simulationViewPerspectives: 000000ff000000010000000200000000000003db0100000006010000000100
sceneTreePerspectives: 000000ff0000000100000002000000c00000007b0100000006010000000200
minimizedPerspectives: 
maximizedDockId: -1
centralWidgetVisible: 1
orthographicViewHeight: 1
textFiles: 2 "controllers/advanced_genetic_algorithm/advanced_genetic_algorithm.c" "controllers/advanced_genetic_algorithm_supervisor/advanced_genetic_algorithm_supervisor.c" "controllers/advanced_genetic_algorithm_supervisor/random.c"
renderingDevicePerspectives: 329;1;1;0.030303;0.0287115
renderingDevicePerspectives: 439;1;1;0.113356;0.0714286
