Webots Project File version 8.5
perspectives: 000000ff00000000fd000000030000000000000225000003d4fc0100000002fb0000001a0052006f0062006f0074003a00200065002d007000750063006b0100000000000002250000005400fffffffb0000001a0044006f00630075006d0065006e0074006100740069006f006e0000000000ffffffff0000005400ffffff00000001000002cb000002f5fc0200000001fb0000001400540065007800740045006400690074006f0072010000001a000002f5000000b100ffffff000000030000054f000000d9fc0100000001fb0000000e0043006f006e0073006f006c0065010000022b0000054f0000005700ffffff0000027e000002f500000001000000020000000100000008fc00000000
simulationViewPerspectives: 000000ff0000000100000002000000c3000001b50100000006010000000100
sceneTreePerspectives: 000000ff0000000100000002000000c00000007b0100000006010000000200
minimizedPerspectives: 
maximizedDockId: -1
centralWidgetVisible: 1
orthographicViewHeight: 1
textFiles: 0 "controllers/advanced_genetic_algorithm/advanced_genetic_algorithm.c" "controllers/advanced_genetic_algorithm_supervisor/advanced_genetic_algorithm_supervisor.c" "controllers/advanced_genetic_algorithm_supervisor/random.c"
documentationBook: 
documentationPage: 
robotWindow: 76
renderingDevicePerspectives: 329;1;1;0.0394737;0.0272606
renderingDevicePerspectives: 439;1;0.445;0.147661;0.0678191
