Webots Project File version 8.5
perspectives: 000000ff00000000fd0000000300000000000001fe000003b0fc0100000002fb0000001a0052006f0062006f0074003a00200065002d007000750063006b0000000000000001fe0000000000000000fb0000001a0044006f00630075006d0065006e0074006100740069006f006e0000000000ffffffff0000005400ffffff0000000100000236000002d0fc0200000001fb0000001400540065007800740045006400690074006f00720100000015000002d00000009d00ffffff0000000300000501000000dafc0100000001fb0000000e0043006f006e0073006f006c00650100000000000005010000005400ffffff000002c5000002d000000001000000020000000100000008fc00000000
simulationViewPerspectives: 000000ff000000010000000200000000000002bf0100000006010000000100
sceneTreePerspectives: 000000ff0000000100000002000000c00000007b0100000006010000000200
minimizedPerspectives: 
maximizedDockId: -1
centralWidgetVisible: 1
orthographicViewHeight: 1
textFiles: 0 "controllers/advanced_genetic_algorithm/advanced_genetic_algorithm.c" "controllers/advanced_genetic_algorithm_supervisor/advanced_genetic_algorithm_supervisor.c" "controllers/advanced_genetic_algorithm_supervisor/random.c"
documentationBook: 
documentationPage: 
renderingDevicePerspectives: 329;0;1.89744;0.0394737;0.0272606
renderingDevicePerspectives: 439;0;0.75;0.147661;0.0678191
