Webots Project File version 8.5
perspectives: 000000ff00000000fd000000030000000000000109000003d4fc0100000002fb0000001a0044006f00630075006d0065006e0074006100740069006f006e0000000000ffffffff0000005400fffffffb0000001a0052006f0062006f0074003a00200065002d007000750063006b0100000000000001090000005400ffffff00000001000003040000030cfc0200000001fb0000001400540065007800740045006400690074006f0072010000001a0000030c000000b100ffffff0000000300000672000000c2fc0100000001fb0000000e0043006f006e0073006f006c0065010000010f000006720000005700ffffff000003680000030c00000001000000020000000100000008fc00000000
simulationViewPerspectives: 000000ff00000001000000020000015c000002580100000006010000000100
sceneTreePerspectives: 000000ff0000000100000002000000c00000007b0100000006010000000200
minimizedPerspectives: 
maximizedDockId: -1
centralWidgetVisible: 1
orthographicViewHeight: 1
textFiles: 1 "controllers/advanced_genetic_algorithm/advanced_genetic_algorithm.c" "controllers/advanced_genetic_algorithm_supervisor/advanced_genetic_algorithm_supervisor.c" "controllers/advanced_genetic_algorithm_supervisor/random.c" "controllers/advanced_genetic_algorithm_supervisor/file_handler.c"
documentationBook: 
documentationPage: 
robotWindow: 76
renderingDevicePerspectives: 437;1;0.205;0.113356;0.0714286
renderingDevicePerspectives: 328;1;0.788462;0.030303;0.0287115
